[
  [
    144.93,
    125.41,
    -40.78,
    30.23,
    -56.16,
    74.53
  ],
  [
    144.93,
    125.41,
    -40.78,
    30.23,
    -56.16,
    74.53
  ],
  [
    144.93,
    125.41,
    -40.78,
    30.23,
    -56.16,
    74.53
  ],
  [
    144.93,
    125.41,
    -40.78,
    30.23,
    -56.16,
    74.53
  ],
  [
    144.93,
    125.41,
    -40.78,
    30.23,
    -56.16,
    74.53
  ],
  [
    144.93,
    125.41,
    -40.78,
    30.23,
    -56.16,
    74.53
  ],
  [
    144.93,
    125.41,
    -40.78,
    30.23,
    -56.16,
    74.35
  ],
  [
    144.93,
    125.41,
    -40.78,
    30.23,
    -56.16,
    74.17
  ],
  [
    144.93,
    125.41,
    -40.78,
    30.23,
    -56.16,
    74.17
  ],
  [
    144.93,
    125.41,
    -40.78,
    30.23,
    -56.16,
    74.17
  ],
  [
    144.93,
    125.41,
    -40.78,
    30.23,
    -56.16,
    74.17
  ],
  [
    144.93,
    125.41,
    -40.78,
    30.23,
    -56.16,
    74.17
  ],
  [
    144.93,
    125.41,
    -40.78,
    30.23,
    -56.16,
    74.17
  ],
  [
    144.93,
    125.41,
    -40.78,
    30.23,
    -56.16,
    74.17
  ],
  [
    144.93,
    125.41,
    -40.78,
    30.23,
    -56.16,
    74.17
  ],
  [
    144.93,
    125.41,
    -40.78,
    30.23,
    -56.16,
    74.09
  ],
  [
    144.93,
    125.41,
    -40.78,
    30.23,
    -56.16,
    73.91
  ],
  [
    144.93,
    125.41,
    -40.78,
    30.23,
    -56.16,
    73.91
  ],
  [
    144.93,
    125.41,
    -40.78,
    30.23,
    -56.16,
    73.91
  ],
  [
    144.93,
    125.41,
    -40.78,
    30.23,
    -56.16,
    73.91
  ],
  [
    144.93,
    125.41,
    -40.78,
    30.23,
    -56.16,
    73.91
  ],
  [
    144.93,
    125.41,
    -40.78,
    30.23,
    -56.16,
    73.91
  ],
  [
    144.93,
    125.41,
    -40.78,
    30.23,
    -56.16,
    73.91
  ],
  [
    144.93,
    125.41,
    -40.78,
    30.23,
    -56.16,
    73.91
  ]
]